# Calibration of logitech camera
D = [0.21520375577671208, -1.1480856728625584, -0.01649198563112259, 0.0010682136650316295, 0.0]
K = [811.8111457512107, 0.0, 322.8586492176399, 0.0, 817.5880560688466, 204.91380051040724, 0.0, 0.0, 1.0]
R = [1.0, 0.0, 0.0, 0.0, 1.0, 0.0, 0.0, 0.0, 1.0]
P = [818.2233527603307, 0.0, 323.45325921683377, 0.0, 0.0, 823.0339198500129, 201.1143505679752, 0.0, 0.0, 0.0, 1.0, 0.0]
None
# oST version 5.0 parameters


[image]
width
640

height
480

[narrow_stereo]
camera matrix
811.811146 0.000000 322.858649
0.000000 817.588056 204.913801
0.000000 0.000000 1.000000

distortion
0.215204 -1.148086 -0.016492 0.001068 0.000000

rectification
1.000000 0.000000 0.000000
0.000000 1.000000 0.000000
0.000000 0.000000 1.000000

projection
818.223353 0.000000 323.453259 0.000000
0.000000 823.033920 201.114351 0.000000
0.000000 0.000000 1.000000 0.000000